2
1
111111111111111111111111111111
111111111111111111111111111111
111111111111111111111111111111
111111111111111111111111111111
111111111111111111111331111111
111111131111111113333331111111
111111133333333333333331111111
111111133333333333333331111111
000000033333333333333331111111
000000033333333333333331111111
000000033333333333333331111111
000000033333333333333331111111
000000033333333333333331111111
000000033333333333333331111111
000000033333333333333331111111
000000033333333333333331111111
000000033333333333333331111111
000000033333333333333331111111
000000033333333333333331111111
000000033333333333333331111111
4 24
5 21
